-1 0 0
-1 0 0
49 0 0
48 0 0
48 0 0
48 0 0
48 0 0
63 0 0
63 1 0
63 1 0
63 1 0
48 1 0
48 0 0
48 0 0
48 0 0
63 0 0
63 1 0
63 1 0
63 1 0
48 1 0
48 0 0
48 0 0
48 0 0
63 0 0
63 1 0
63 1 0
63 1 0
48 1 0
48 0 0
48 0 0
48 0 0
63 0 0
63 1 0
63 1 0
63 1 0
48 1 0
48 0 0
48 0 0
48 0 0
63 0 0
63 1 0
63 1 0
63 1 0
48 1 0
48 0 0
48 0 0
48 0 0
63 0 0
63 1 0
63 1 0
63 1 0
48 1 0
48 0 0
48 0 0
48 0 0
63 0 0
63 1 0
63 1 0
63 1 0
48 1 0
48 0 0
48 0 0
48 0 0
63 0 0
63 1 0
63 1 0
63 1 0
31 1 0
31 1 0
15 1 0
15 1 0
30 0 0
30 0 0
60 0 0
60 0 0
120 0 0
120 0 0
60 0 0
60 0 0
30 0 0
30 0 0
60 0 0
60 0 0
120 0 0
120 0 0
240 0 1
240 0 1
248 0 1
248 0 1
252 0 1
252 0 1
248 0 1
248 0 1
240 0 1
240 0 1
224 0 1
224 0 1
112 0 0
112 0 0
56 0 0
56 0 0
113 1 0
113 1 0
227 1 1
227 1 1
199 1 1
199 1 1
199 1 1
199 1 1
199 1 1
199 1 1
199 1 1
199 1 1
199 1 1
-1 1 1
199 1 1
199 1 1
199 1 1
199 1 1
199 1 1
199 1 1
199 1 1
199 1 1
199 1 1
199 1 1
199 1 1
199 1 1
199 1 1
199 1 1
199 1 1
85 1 1
85 1 0
-1 0 0
0 0 0
85 0 0
85 1 0
-1 0 0
0 0 0
85 0 0
85 1 0
-1 0 0
0 0 0
85 0 0
85 1 0
-1 0 0
0 0 0
85 0 0
85 1 0
-1 0 0
0 0 0
85 0 0
85 1 0
-1 0 0
0 0 0
85 0 0
85 1 0
-1 0 0
0 0 0
85 0 0
85 1 0
-1 0 0
0 0 0
85 0 0
85 1 0
-1 0 0
0 0 0
85 0 0
85 1 0
-1 0 0
0 0 0
85 0 0
85 1 0
-1 0 0
0 0 0
85 0 0
85 1 0
-1 0 0
0 0 0
85 0 0
85 1 0
-1 0 0
0 0 0
85 0 0
85 1 0
-1 0 0
0 0 0
85 0 0
85 1 0
-1 0 0
0 0 0
85 0 0
85 1 0
-1 0 0
0 0 0
0 0 0
0 0 0
0 0 0
0 0 0
0 0 0
0 0 0
0 0 0
0 0 0
0 0 0
0 0 0
0 0 0
0 0 0
0 0 0
0 0 0
0 0 0
0 0 0
0 0 0
0 0 0
0 0 0
0 0 0
0 0 0
0 0 0
0 0 0
0 0 0
0 0 0
0 0 0
0 0 0
0 0 0
0 0 0
0 0 0
0 0 0
0 0 0
0 0 0
0 0 0
0 0 0
0 0 0
0 0 0
0 0 0
0 0 0
0 0 0
0 0 0
0 0 0
0 0 0
0 0 0
0 0 0
0 0 0
0 0 0
0 0 0
0 0 0
0 0 0
0 0 0
0 0 0
0 0 0
0 0 0
0 0 0
0 0 0
0 0 0
0 0 0
0 0 0
0 0 0
0 0 0
0 0 0
0 0 0
0 0 0
0 0 0
0 0 0
0 0 0
0 0 0
0 0 0
0 0 0
0 0 0
0 0 0
0 0 0
0 0 0
0 0 0
0 0 0
0 0 0